582	0.327261
582.042	0.328761
582.084	0.332261
582.126	0.335261
582.168	0.338261
582.21	0.342761
582.252	0.345761
582.294	0.342761
582.336	0.348761
582.378	0.352261
582.42	0.358261
582.462	0.362761
582.504	0.364761
582.546	0.370261
582.588	0.373261
582.63	0.377261
582.672	0.382261
582.714	0.388761
582.756	0.390261
582.798	0.396761
582.84	0.402761
582.882	0.409261
582.924	0.413261
582.966	0.416761
583.008	0.421261
583.05	0.426261
583.092	0.433261
583.134	0.438261
583.176	0.445261
583.218	0.451761
583.26	0.456761
583.302	0.466261
583.344	0.473261
583.386	0.483761
583.428	0.492261
583.47	0.501261
583.512	0.510761
583.554	0.524261
583.596	0.542761
583.638	0.566761
583.68	0.600261
583.722	0.646761
583.764	0.699261
583.806	0.787761
583.848	0.919761
583.89	1.06376
583.932	1.21326
583.974	1.36626
584.016	1.56676
584.058	1.81126
584.1	2.07926
584.142	2.44626
584.184	2.77476
584.226	3.06426
584.268	3.48876
584.31	4.06726
584.352	4.67176
584.394	5.22976
584.436	5.76126
584.478	6.32826
584.52	6.91176
584.562	7.59126
584.604	8.29526
584.646	9.09026
584.688	10.0953
584.73	10.7803
584.772	11.8153
584.814	12.9503
584.856	14.1003
584.898	15.1303
584.94	16.0303
584.982	17.0003
585.024	18.1453
585.066	19.2803
585.108	20.5153
585.15	22.0003
585.192	22.9053
585.234	24.3253
585.276	25.9503
585.318	27.6203
585.36	28.9503
585.402	30.2353
585.444	31.4103
585.486	32.5753
585.528	33.9653
585.57	35.3503
585.612	36.7803
585.654	38.3653
585.696	39.5603
585.738	41.0353
585.78	42.8903
585.822	44.5053
585.864	46.0303
585.906	47.1503
585.948	48.5103
585.99	49.7303
586.032	51.0753
586.074	52.5553
586.116	54.0153
586.158	55.6503
586.2	56.8453
586.242	58.5903
586.284	60.5553
586.326	62.1803
586.368	63.5753
586.41	64.8703
586.452	66.1103
586.494	67.5753
586.536	69.1203
586.578	70.5653
586.62	71.9603
586.662	73.1253
586.704	74.9603
586.746	76.8453
586.788	78.2503
586.83	80.0003
586.872	81.1003
586.914	82.6003
586.956	83.4503
586.998	84.7503
587.04	86.2003
587.082	87.5003
587.124	89.0503
587.166	90.0503
587.208	91.3003
587.25	92.5003
587.292	93.8003
587.334	95.1003
587.376	96.1003
587.418	97.2503
587.46	98.3503
587.502	99.3003
587.544	100.3
587.586	101.25
587.628	102.25
587.67	102.9
587.712	103.7
587.754	104.75
587.796	105.55
587.838	106.05
587.88	106.6
587.922	107.1
587.964	107.65
588.006	108.05
588.048	108.25
588.09	108.65
588.132	108.95
588.174	109.35
588.216	109.4
588.258	109.6
588.3	110.2
588.342	110.4
588.384	110.55
588.426	110.7
588.468	110.85
588.51	111.05
588.552	111.2
588.594	110.8
588.636	111.05
588.678	111.1
588.72	111.15
588.762	111.05
588.804	111.65
588.846	111.75
588.888	111.25
588.93	111.2
588.972	111.75
589.014	111.8
589.056	111.85
589.098	111.85
589.14	112
589.182	111.55
589.224	111.55
589.266	111.5
589.308	111.55
589.35	111.4
589.392	111.2
589.434	110.75
589.476	111
589.518	110.45
589.56	110.2
589.602	110.05
589.644	109.7
589.686	109.35
589.728	108.95
589.77	108.8
589.812	108.4
589.854	108.05
589.896	107.6
589.938	107
589.98	106.3
590.022	105.9
590.064	105.3
590.106	104.35
590.148	103.35
590.19	102.15
590.232	101.3
590.274	100.4
590.316	99.4003
590.358	98.7503
590.4	97.8503
590.442	96.6503
590.484	95.5003
590.526	94.4003
590.568	93.4003
590.61	92.1003
590.652	90.2503
590.694	88.7003
590.736	87.4003
590.778	86.3503
590.82	85.1503
590.862	83.8003
590.904	82.6003
590.946	80.9503
590.988	79.5003
591.03	78.0503
591.072	76.9503
591.114	75.3003
591.156	73.6003
591.198	71.9003
591.24	70.5003
591.282	69.2003
591.324	67.8503
591.366	66.5503
591.408	65.0503
591.45	63.3003
591.492	61.8003
591.534	60.7003
591.576	59.1503
591.618	57.3003
591.66	55.5003
591.702	53.8003
591.744	52.4503
591.786	51.2003
591.828	49.9503
591.87	48.3503
591.912	46.9003
591.954	45.2003
591.996	43.5003
592.038	42.2503
592.08	40.7003
592.122	38.8003
592.164	37.0503
592.206	35.5003
592.248	34.3003
592.29	32.9003
592.332	31.5503
592.374	29.9703
592.416	28.5503
592.458	27.2153
592.5	25.7753
592.542	24.6703
592.584	23.0503
592.626	21.4553
592.668	20.0503
592.71	18.9003
592.752	17.8553
592.794	16.8303
592.836	15.5703
592.878	14.4653
592.92	13.1953
592.962	12.2053
593.004	11.3903
593.046	10.4353
593.088	9.34026
593.13	8.38526
593.172	7.65026
593.214	7.01526
593.256	6.42026
593.298	5.90526
593.34	5.36526
593.382	4.83526
593.424	4.35526
593.466	3.83026
593.508	3.52026
593.55	3.10526
593.592	2.71126
593.634	2.35726
593.676	2.08726
593.718	1.88226
593.76	1.69476
593.802	1.51226
593.844	1.36126
593.886	1.22626
593.928	1.09376
593.97	1.02626
594.012	0.938261
594.054	0.857761
594.096	0.789261
594.138	0.738761
594.18	0.704761
594.222	0.676261
594.264	0.653761
594.306	0.631761
594.348	0.610761
594.39	0.595761
594.432	0.583261
594.474	0.573261
594.516	0.561261
594.558	0.549761
594.6	0.539761
594.642	0.532761
594.684	0.526261
594.726	0.519261
594.768	0.512761
594.81	0.506261
594.852	0.498761
594.894	0.493761
594.936	0.487761
594.978	0.482761
595.02	0.475761
595.062	0.468761
595.104	0.462761
595.146	0.458261
595.188	0.452261
595.23	0.447261
595.272	0.442761
595.314	0.436761
595.356	0.432761
595.398	0.428261
595.44	0.423761
595.482	0.417761
595.524	0.413261
595.566	0.407761
595.608	0.404261
595.65	0.400261
595.692	0.397261
595.734	0.396261
595.776	0.389261
595.818	0.385761
595.86	0.381261
595.902	0.378761
595.944	0.375261
595.986	0.372261
