582	0.668027
582.021	0.673027
582.042	0.675527
582.063	0.678527
582.084	0.683027
582.105	0.683027
582.126	0.688027
582.147	0.695527
582.168	0.696027
582.189	0.702527
582.21	0.704527
582.231	0.707027
582.252	0.713027
582.273	0.716027
582.294	0.718527
582.315	0.728027
582.336	0.728027
582.357	0.733027
582.378	0.744027
582.399	0.746527
582.42	0.752027
582.441	0.760527
582.462	0.763527
582.483	0.770527
582.504	0.777527
582.525	0.782527
582.546	0.785527
582.567	0.796527
582.588	0.803027
582.609	0.812527
582.63	0.824527
582.651	0.842027
582.672	0.862527
582.693	0.879027
582.714	0.902527
582.735	0.920027
582.756	0.941527
582.777	0.970527
582.798	1.01753
582.819	1.05903
582.84	1.11403
582.861	1.18753
582.882	1.27603
582.903	1.34403
582.924	1.42603
582.945	1.50153
582.966	1.59153
582.987	1.67103
583.008	1.77453
583.029	1.88803
583.05	1.98603
583.071	2.10353
583.092	2.25103
583.113	2.36753
583.134	2.53953
583.155	2.71403
583.176	2.86403
583.197	3.12553
583.218	3.26653
583.239	3.39053
583.26	3.58203
583.281	3.81853
583.302	4.04203
583.323	4.34403
583.344	4.61003
583.365	4.94353
583.386	5.16853
583.407	5.47003
583.428	5.70703
583.449	6.00003
583.47	6.25153
583.491	6.63153
583.512	6.85503
583.533	7.15053
583.554	7.47453
583.575	7.82778
583.596	8.16778
583.617	8.58778
583.638	8.89278
583.659	9.36778
583.68	9.70278
583.701	10.1578
583.722	10.5478
583.743	10.8378
583.764	11.2928
583.785	11.8578
583.806	12.4228
583.827	12.9578
583.848	13.6478
583.869	14.1128
583.89	14.6628
583.911	15.0778
583.932	15.6328
583.953	16.0628
583.974	16.4928
583.995	16.9178
584.016	17.4478
584.037	18.0028
584.058	18.5378
584.079	19.0778
584.1	19.6678
584.121	20.3378
584.142	20.9978
584.163	21.4978
584.184	22.1478
584.205	22.7528
584.226	23.1328
584.247	23.7478
584.268	24.4928
584.289	25.1828
584.31	25.9528
584.331	26.7578
584.352	27.6178
584.373	28.2728
584.394	29.0278
584.415	29.6628
584.436	30.1678
584.457	30.7928
584.478	31.3428
584.499	31.7428
584.52	32.4678
584.541	33.1828
584.562	33.5978
584.583	34.5428
584.604	35.2928
584.625	35.9678
584.646	36.6078
584.667	37.2728
584.688	38.1578
584.709	38.3428
584.73	39.1078
584.751	40.1178
584.772	40.8028
584.793	41.6628
584.814	42.4378
584.835	43.3828
584.856	44.0678
584.877	44.9278
584.898	45.4778
584.919	46.0978
584.94	46.6978
584.961	47.2878
584.982	47.8578
585.003	48.6678
585.024	49.1528
585.045	49.7828
585.066	50.3178
585.087	51.1378
585.108	51.8278
585.129	52.6328
585.15	53.2928
585.171	53.8378
585.192	54.2828
585.213	54.9378
585.234	55.7728
585.255	56.8878
585.276	57.8028
585.297	58.5578
585.318	59.3378
585.339	60.1878
585.36	60.8328
585.381	61.4478
585.402	62.2228
585.423	62.9578
585.444	63.8028
585.465	64.3378
585.486	65.1328
585.507	65.5728
585.528	66.4128
585.549	67.1128
585.57	67.9278
585.591	68.8778
585.612	69.5628
585.633	70.3928
585.654	71.1828
585.675	71.6728
585.696	72.1678
585.717	72.9278
585.738	73.6528
585.759	74.6028
585.78	75.4178
585.801	76.2278
585.822	76.9828
585.843	77.7878
585.864	78.5253
585.885	78.9253
585.906	79.9253
585.927	80.6753
585.948	81.0753
585.969	81.2753
585.99	82.1253
586.011	82.8753
586.032	83.6253
586.053	84.0253
586.074	84.7753
586.095	85.7753
586.116	86.5253
586.137	87.2253
586.158	87.6753
586.179	88.8753
586.2	89.6753
586.221	90.8753
586.242	91.7253
586.263	92.4753
586.284	93.5253
586.305	94.4253
586.326	95.0253
586.347	95.9253
586.368	96.3253
586.389	97.2253
586.41	97.7253
586.431	98.6253
586.452	99.1253
586.473	100.075
586.494	100.525
586.515	101.775
586.536	102.475
586.557	103.375
586.578	103.925
586.599	104.775
586.62	105.025
586.641	106.325
586.662	106.375
586.683	107.325
586.704	108.275
586.725	109.325
586.746	110.125
586.767	111.075
586.788	112.275
586.809	112.875
586.83	113.525
586.851	114.325
586.872	114.525
586.893	115.025
586.914	115.775
586.935	116.325
586.956	117.075
586.977	117.675
586.998	118.375
587.019	119.125
587.04	120.075
587.061	121.175
587.082	121.975
587.103	122.475
587.124	123.425
587.145	123.525
587.166	124.725
587.187	125.625
587.208	126.425
587.229	127.275
587.25	128.325
587.271	129.225
587.292	130.125
587.313	130.825
587.334	131.325
587.355	131.975
587.376	132.525
587.397	133.375
587.418	133.975
587.439	134.675
587.46	135.125
587.481	135.775
587.502	136.625
587.523	137.075
587.544	138.125
587.565	139.425
587.586	139.675
587.607	140.475
587.628	140.575
587.649	141.375
587.67	142.025
587.691	143.025
587.712	143.925
587.733	144.925
587.754	145.575
587.775	146.575
587.796	147.525
587.817	148.225
587.838	148.825
587.859	149.625
587.88	150.175
587.901	150.875
587.922	151.525
587.943	151.725
587.964	152.725
587.985	153.475
588.006	154.175
588.027	155.075
588.048	155.675
588.069	156.275
588.09	156.725
588.111	157.025
588.132	157.625
588.153	157.925
588.174	158.575
588.195	159.475
588.216	159.975
588.237	160.875
588.258	161.075
588.279	162.175
588.3	162.775
588.321	163.275
588.342	163.725
588.363	164.125
588.384	164.225
588.405	164.825
588.426	165.775
588.447	166.325
588.468	166.475
588.489	166.875
588.51	167.475
588.531	167.875
588.552	168.275
588.573	168.675
588.594	169.025
588.615	169.075
588.636	169.075
588.657	169.175
588.678	169.175
588.699	169.075
588.72	169.825
588.741	170.125
588.762	170.425
588.783	170.325
588.804	170.425
588.825	169.925
588.846	170.525
588.867	170.175
588.888	170.325
588.909	169.975
588.93	170.675
588.951	169.975
588.972	169.925
588.993	169.925
589.014	169.625
589.035	168.875
589.056	168.225
589.077	169.075
589.098	169.125
589.119	168.575
589.14	168.025
589.161	168.175
589.182	168.225
589.203	167.925
589.224	167.325
589.245	166.975
589.266	166.025
589.287	166.125
589.308	166.175
589.329	165.825
589.35	165.375
589.371	164.725
589.392	164.325
589.413	163.775
589.434	163.425
589.455	162.875
589.476	162.775
589.497	162.275
589.518	161.975
589.539	161.125
589.56	160.725
589.581	160.125
589.602	159.525
589.623	158.525
589.644	158.475
589.665	157.725
589.686	157.675
589.707	156.675
589.728	155.975
589.749	155.125
589.77	154.125
589.791	153.925
589.812	153.125
589.833	152.675
589.854	151.925
589.875	151.575
589.896	150.775
589.917	150.875
589.938	149.725
589.959	148.775
589.98	147.925
590.001	147.275
590.022	146.475
590.043	145.875
590.064	144.775
590.085	145.125
590.106	144.875
590.127	143.825
590.148	143.175
590.169	142.225
590.19	141.325
590.211	139.725
590.232	139.275
590.253	138.525
590.274	137.775
590.295	137.325
590.316	136.475
590.337	135.925
590.358	135.775
590.379	135.175
590.4	134.675
590.421	133.925
590.442	133.525
590.463	132.575
590.484	131.125
590.505	130.525
590.526	129.775
590.547	129.325
590.568	129.075
590.589	128.125
590.61	127.325
590.631	126.825
590.652	125.675
590.673	124.875
590.694	124.275
590.715	123.525
590.736	122.775
590.757	121.775
590.778	121.125
590.799	120.325
590.82	119.525
590.841	118.925
590.862	118.075
590.883	117.025
590.904	116.425
590.925	116.375
590.946	115.375
590.967	114.875
590.988	113.925
591.009	113.575
591.03	112.575
591.051	111.675
591.072	110.625
591.093	109.825
591.114	109.025
591.135	108.275
591.156	107.675
591.177	107.125
591.198	106.225
591.219	105.375
591.24	104.625
591.261	104.175
591.282	103.525
591.303	102.775
591.324	101.925
591.345	101.125
591.366	100.375
591.387	99.7753
591.408	99.1253
591.429	98.7753
591.45	97.8753
591.471	97.0253
591.492	96.3253
591.513	95.8753
591.534	95.4253
591.555	94.7253
591.576	93.7753
591.597	92.9753
591.618	91.9253
591.639	91.0753
591.66	90.1253
591.681	89.3253
591.702	88.2753
591.723	87.8253
591.744	87.2753
591.765	86.6253
591.786	86.0253
591.807	85.2753
591.828	84.7253
591.849	83.3253
591.87	83.3253
591.891	82.7753
591.912	82.0753
591.933	81.3753
591.954	80.5753
591.975	79.3253
591.996	78.4753
592.017	77.9253
592.038	76.8253
592.059	76.0253
592.08	75.5753
592.101	74.7753
592.122	73.5253
592.143	72.5253
592.164	72.0753
592.185	71.3753
592.206	70.4753
592.227	69.8253
592.248	69.1253
592.269	68.5753
592.29	67.9253
592.311	67.3253
592.332	66.7753
592.353	65.8753
592.374	64.9753
592.395	64.2753
592.416	63.7253
592.437	62.7253
592.458	62.0253
592.479	61.2253
592.5	60.4253
592.521	59.7753
592.542	59.1753
592.563	58.1253
592.584	57.2253
592.605	56.1753
592.626	55.4753
592.647	54.4753
592.668	53.8753
592.689	52.9753
592.71	52.4253
592.731	51.6253
592.752	51.0253
592.773	50.2253
592.794	49.7253
592.815	48.8253
592.836	48.2253
592.857	47.7753
592.878	46.8253
592.899	45.8753
592.92	45.0753
592.941	44.2753
592.962	43.4253
592.983	42.7253
593.004	42.0253
593.025	41.4753
593.046	40.6253
593.067	39.8253
593.088	38.7753
593.109	37.8753
593.13	37.0253
593.151	36.2753
593.172	35.5253
593.193	34.8253
593.214	34.0753
593.235	33.4253
593.256	32.7753
593.277	32.2253
593.298	31.4253
593.319	30.8753
593.34	30.1028
593.361	29.4078
593.382	28.6228
593.403	27.9278
593.424	27.3328
593.445	26.6228
593.466	25.7628
593.487	25.6928
593.508	24.7978
593.529	24.2478
593.55	23.2428
593.571	22.5778
593.592	21.8178
593.613	21.0978
593.634	20.4228
593.655	19.8428
593.676	19.0928
593.697	18.6828
593.718	18.1278
593.739	17.7128
593.76	17.1328
593.781	16.7028
593.802	15.9728
593.823	15.4828
593.844	14.8228
593.865	14.3228
593.886	13.7378
593.907	13.1028
593.928	12.5278
593.949	12.2028
593.97	11.8278
593.991	11.3428
594.012	10.8478
594.033	10.3028
594.054	9.84778
594.075	9.24778
594.096	8.82278
594.117	8.34278
594.138	7.99778
594.159	7.63778
594.18	7.37278
594.201	7.02278
594.222	6.72778
594.243	6.45778
594.264	6.21778
594.285	5.88778
594.306	5.65778
594.327	5.43278
594.348	5.12778
594.369	4.81778
594.39	4.60278
594.411	4.33278
594.432	4.15278
594.453	3.96778
594.474	3.84778
594.495	3.62278
594.516	3.38278
594.537	3.17778
594.558	3.00403
594.579	2.77553
594.6	2.62403
594.621	2.47903
594.642	2.36203
594.663	2.24003
594.684	2.14953
594.705	2.04503
594.726	1.94403
594.747	1.85403
594.768	1.76453
594.789	1.68653
594.81	1.62103
594.831	1.54353
594.852	1.47153
594.873	1.40603
594.894	1.36103
594.915	1.31003
594.936	1.27003
594.957	1.24153
594.978	1.20753
594.999	1.16453
595.02	1.12253
595.041	1.09403
595.062	1.05953
595.083	1.03703
595.104	1.01453
595.125	0.998527
595.146	0.979527
595.167	0.962527
595.188	0.948027
595.209	0.942527
595.23	0.932027
595.251	0.920027
595.272	0.909527
595.293	0.900027
595.314	0.890527
595.335	0.885027
595.356	0.877027
595.377	0.873027
595.398	0.862527
595.419	0.853027
595.44	0.851027
595.461	0.845527
595.482	0.831027
595.503	0.822527
595.524	0.815527
595.545	0.812527
595.566	0.805027
595.587	0.801527
595.608	0.802027
595.629	0.790527
595.65	0.789027
595.671	0.783527
595.692	0.779527
595.713	0.775027
595.734	0.768527
595.755	0.771527
595.776	0.761527
595.797	0.756527
595.818	0.753027
595.839	0.750527
595.86	0.745527
595.881	0.741527
595.902	0.741027
595.923	0.739027
595.944	0.733527
595.965	0.728527
595.986	0.725027
596.007	0.718027
