582	0.273292
582.021	0.275092
582.042	0.275442
582.063	0.276742
582.084	0.278192
582.105	0.278242
582.126	0.280142
582.147	0.281842
582.168	0.282492
582.189	0.284892
582.21	0.285342
582.231	0.287242
582.252	0.288842
582.273	0.288242
582.294	0.290542
582.315	0.291942
582.336	0.291842
582.357	0.295092
582.378	0.295542
582.399	0.297292
582.42	0.299992
582.441	0.300142
582.462	0.302392
582.483	0.303642
582.504	0.306242
582.525	0.307342
582.546	0.308142
582.567	0.308742
582.588	0.310792
582.609	0.312242
582.63	0.314642
582.651	0.316642
582.672	0.318592
582.693	0.320592
582.714	0.322842
582.735	0.323392
582.756	0.325842
582.777	0.326842
582.798	0.328342
582.819	0.327092
582.84	0.330042
582.861	0.332092
582.882	0.334892
582.903	0.336042
582.924	0.337692
582.945	0.341642
582.966	0.342442
582.987	0.344142
583.008	0.345292
583.029	0.347942
583.05	0.348592
583.071	0.351542
583.092	0.352592
583.113	0.353142
583.134	0.355492
583.155	0.357842
583.176	0.360542
583.197	0.364492
583.218	0.366442
583.239	0.367392
583.26	0.369142
583.281	0.371742
583.302	0.372742
583.323	0.375392
583.344	0.377192
583.365	0.379842
583.386	0.381492
583.407	0.385792
583.428	0.389242
583.449	0.390642
583.47	0.392792
583.491	0.395992
583.512	0.397492
583.533	0.398792
583.554	0.403892
583.575	0.405492
583.596	0.407942
583.617	0.410992
583.638	0.414192
583.659	0.417092
583.68	0.419842
583.701	0.421042
583.722	0.426842
583.743	0.428992
583.764	0.433692
583.785	0.438042
583.806	0.442292
583.827	0.445592
583.848	0.450042
583.869	0.452792
583.89	0.456842
583.911	0.460442
583.932	0.464542
583.953	0.467742
583.974	0.472342
583.995	0.475492
584.016	0.479642
584.037	0.484442
584.058	0.489192
584.079	0.494092
584.1	0.499942
584.121	0.506942
584.142	0.515642
584.163	0.523142
584.184	0.533542
584.205	0.543692
584.226	0.554242
584.247	0.567792
584.268	0.588842
584.289	0.613142
584.31	0.647292
584.331	0.684842
584.352	0.728392
584.373	0.770442
584.394	0.817292
584.415	0.871292
584.436	0.923292
584.457	0.986792
584.478	1.05629
584.499	1.11629
584.52	1.19779
584.541	1.30129
584.562	1.38379
584.583	1.52429
584.604	1.62529
584.625	1.77379
584.646	1.88679
584.667	2.04579
584.688	2.23129
584.709	2.27379
584.73	2.46229
584.751	2.66879
584.772	2.85979
584.793	3.11229
584.814	3.33029
584.835	3.57979
584.856	3.79479
584.877	4.04229
584.898	4.25129
584.919	4.45929
584.94	4.66829
584.961	4.90579
584.982	5.14579
585.003	5.49779
585.024	5.72229
585.045	6.06429
585.066	6.33579
585.087	6.73229
585.108	7.03579
585.129	7.48279
585.15	7.86029
585.171	8.12529
585.192	8.40029
585.213	8.75529
585.234	9.25029
585.255	9.72529
585.276	10.2553
585.297	10.8653
585.318	11.4753
585.339	11.8853
585.36	12.3953
585.381	12.8753
585.402	13.3403
585.423	13.7653
585.444	14.2453
585.465	14.7853
585.486	15.2003
585.507	15.7503
585.528	16.3603
585.549	16.7903
585.57	17.4553
585.591	18.1303
585.612	18.6553
585.633	19.3303
585.654	19.9953
585.675	20.4103
585.696	21.0053
585.717	21.5203
585.738	22.3553
585.759	23.0303
585.78	23.8753
585.801	24.6603
585.822	25.3653
585.843	25.8803
585.864	26.6603
585.885	27.2703
585.906	27.7853
585.927	28.5353
585.948	29.0053
585.969	29.6253
585.99	30.1753
586.011	30.9903
586.032	31.5403
586.053	32.3403
586.074	32.9553
586.095	33.8103
586.116	34.4053
586.137	35.1453
586.158	35.8403
586.179	36.3253
586.2	36.9703
586.221	38.1203
586.242	38.9103
586.263	39.8803
586.284	40.7003
586.305	41.5553
586.326	42.2103
586.347	43.0153
586.368	43.7403
586.389	44.3953
586.41	44.9803
586.431	45.6953
586.452	46.2753
586.473	47.2103
586.494	47.7503
586.515	48.5303
586.536	49.3103
586.557	50.2253
586.578	50.7753
586.599	51.7003
586.62	52.2253
586.641	53.2353
586.662	53.3953
586.683	54.4003
586.704	55.3053
586.725	56.1503
586.746	57.1553
586.767	57.9303
586.788	58.8053
586.809	59.4803
586.83	60.2853
586.851	61.0003
586.872	61.6953
586.893	62.1753
586.914	62.9803
586.935	63.5153
586.956	64.2403
586.977	64.8503
586.998	65.6753
587.019	66.4053
587.04	67.2403
587.061	68.0353
587.082	68.6903
587.103	69.5453
587.124	70.5403
587.145	70.6603
587.166	71.6653
587.187	72.2653
587.208	73.3353
587.229	74.1553
587.25	75.4653
587.271	76.3753
587.292	77.2703
587.313	77.8353
587.334	78.5003
587.355	79.3503
587.376	80.0503
587.397	80.7003
587.418	81.3503
587.439	81.4503
587.46	82.2503
587.481	83.1503
587.502	83.9003
587.523	84.4003
587.544	85.4503
587.565	86.6503
587.586	87.6003
587.607	88.1003
587.628	88.6003
587.649	89.3003
587.67	90.1503
587.691	90.9503
587.712	92.1003
587.733	93.1003
587.754	93.9003
587.775	94.6003
587.796	95.0003
587.817	96.0003
587.838	96.6003
587.859	97.2503
587.88	97.8503
587.901	98.1003
587.922	98.6503
587.943	99.1503
587.964	100.05
587.985	100.75
588.006	101.65
588.027	102.45
588.048	103
588.069	103.8
588.09	104.35
588.111	105.1
588.132	105.45
588.153	106.05
588.174	106.65
588.195	107.6
588.216	108.1
588.237	108.95
588.258	109.5
588.279	110.4
588.3	110.8
588.321	111.25
588.342	111.55
588.363	112.2
588.384	112.9
588.405	113.1
588.426	113.45
588.447	114.05
588.468	113.75
588.489	114.2
588.51	115
588.531	115.05
588.552	115.3
588.573	115.45
588.594	116.05
588.615	116.35
588.636	116.75
588.657	116.65
588.678	117.55
588.699	117.7
588.72	118.35
588.741	118.5
588.762	118.55
588.783	118.5
588.804	118.9
588.825	118.4
588.846	118.35
588.867	118.45
588.888	118.35
588.909	118.2
588.93	118
588.951	118.55
588.972	118.15
588.993	117.7
589.014	118.1
589.035	117.75
589.056	117.95
589.077	117.3
589.098	117.15
589.119	117
589.14	116.65
589.161	116.2
589.182	115.85
589.203	115.5
589.224	115
589.245	115.05
589.266	114.5
589.287	114.2
589.308	113.65
589.329	113.3
589.35	112.95
589.371	112.55
589.392	111.95
589.413	111.6
589.434	111.2
589.455	110.8
589.476	110
589.497	109.55
589.518	108.4
589.539	107.8
589.56	107.4
589.581	107.1
589.602	106.85
589.623	106
589.644	105.45
589.665	104.6
589.686	104
589.707	103.15
589.728	102.55
589.749	101.7
589.77	101.05
589.791	100.45
589.812	99.8503
589.833	99.1503
589.854	98.4003
589.875	98.1003
589.896	97.4003
589.917	96.1503
589.938	95.5503
589.959	95.0003
589.98	94.3003
590.001	94.2003
590.022	93.3503
590.043	92.6003
590.064	91.6503
590.085	90.7003
590.106	90.0003
590.127	89.0503
590.148	88.4503
590.169	87.5503
590.19	86.9503
590.211	86.1503
590.232	85.3003
590.253	84.5503
590.274	83.8503
590.295	83.2003
590.316	82.6503
590.337	81.9503
590.358	81.0003
590.379	80.5503
590.4	79.8503
590.421	79.1503
590.442	78.6003
590.463	77.7003
590.484	76.8003
590.505	76.1503
590.526	75.3503
590.547	74.5503
590.568	74.0003
590.589	73.3003
590.61	72.3003
590.631	71.3003
590.652	70.6003
590.673	69.7503
590.694	69.0003
590.715	68.0503
590.736	67.6003
590.757	67.0003
590.778	66.4003
590.799	65.6503
590.82	65.0003
590.841	64.4003
590.862	63.5003
590.883	62.7003
590.904	62.0503
590.925	61.2003
590.946	60.3503
590.967	59.4503
590.988	58.8003
591.009	57.6503
591.03	56.7503
591.051	56.6503
591.072	55.8003
591.093	54.9003
591.114	53.9503
591.135	53.3003
591.156	52.2003
591.177	51.4003
591.198	50.5503
591.219	50.0003
591.24	49.2503
591.261	48.7503
591.282	47.8503
591.303	47.3503
591.324	46.5003
591.345	45.7503
591.366	45.1003
591.387	44.2503
591.408	43.5503
591.429	42.9003
591.45	42.0003
591.471	41.3003
591.492	40.5503
591.513	39.9003
591.534	39.3503
591.555	38.4503
591.576	37.5503
591.597	36.8003
591.618	35.6003
591.639	34.7003
591.66	33.5503
591.681	33.1503
591.702	32.4503
591.723	31.6503
591.744	31.1503
591.765	30.5503
591.786	29.8853
591.807	28.9953
591.828	28.6553
591.849	27.6953
591.87	27.2303
591.891	26.2353
591.912	25.7653
591.933	25.0003
591.954	24.3953
591.975	23.4803
591.996	22.9203
592.017	22.5203
592.038	21.8703
592.059	21.1853
592.08	20.4903
592.101	19.7303
592.122	18.9603
592.143	18.2553
592.164	17.6253
592.185	16.9703
592.206	16.4653
592.227	16.0003
592.248	15.4853
592.269	14.7653
592.29	14.3303
592.311	13.8853
592.332	13.5203
592.353	12.8503
592.374	12.3653
592.395	11.8303
592.416	11.4103
592.437	10.7903
592.458	10.4203
592.479	9.93529
592.5	9.53529
592.521	9.24029
592.542	8.86029
592.563	8.29029
592.584	7.90029
592.605	7.42529
592.626	6.98529
592.647	6.70029
592.668	6.41029
592.689	6.09029
592.71	5.81029
592.731	5.58029
592.752	5.33029
592.773	5.10029
592.794	4.89529
592.815	4.61029
592.836	4.33529
592.857	4.19029
592.878	3.91029
592.899	3.67529
592.92	3.43029
592.941	3.26529
592.962	3.06029
592.983	2.91079
593.004	2.82279
593.025	2.69729
593.046	2.50179
593.067	2.33629
593.088	2.12529
593.109	1.96679
593.13	1.81129
593.151	1.69379
593.172	1.58679
593.193	1.51929
593.214	1.42279
593.235	1.36829
593.256	1.28079
593.277	1.23479
593.298	1.17429
593.319	1.12479
593.34	1.06229
593.361	1.02179
593.382	0.968792
593.403	0.919292
593.424	0.889792
593.445	0.848292
593.466	0.808292
593.487	0.802792
593.508	0.772292
593.529	0.745792
593.55	0.716292
593.571	0.694292
593.592	0.670292
593.613	0.650292
593.634	0.635792
593.655	0.625792
593.676	0.613792
593.697	0.605292
593.718	0.598792
593.739	0.589292
593.76	0.578292
593.781	0.576292
593.802	0.566292
593.823	0.562792
593.844	0.551792
593.865	0.552292
593.886	0.538792
593.907	0.535792
593.928	0.526792
593.949	0.526292
593.97	0.524792
593.991	0.519292
594.012	0.510292
594.033	0.509792
594.054	0.503292
594.075	0.498292
594.096	0.492292
594.117	0.487292
594.138	0.483792
594.159	0.484792
594.18	0.478792
594.201	0.478292
594.222	0.474792
594.243	0.470292
594.264	0.468292
594.285	0.467292
594.306	0.460792
594.327	0.461792
594.348	0.455792
594.369	0.453292
594.39	0.447292
594.411	0.445792
594.432	0.441792
594.453	0.441292
594.474	0.437292
594.495	0.435292
594.516	0.433292
594.537	0.429292
594.558	0.428792
594.579	0.421792
594.6	0.421292
594.621	0.415792
594.642	0.414792
594.663	0.412292
594.684	0.412792
594.705	0.409292
594.726	0.409792
594.747	0.405292
594.768	0.404292
594.789	0.399792
594.81	0.400292
594.831	0.393292
594.852	0.391792
594.873	0.390792
594.894	0.389292
594.915	0.386792
594.936	0.385292
594.957	0.383292
594.978	0.379292
594.999	0.376792
595.02	0.373792
595.041	0.375292
595.062	0.371292
595.083	0.370292
595.104	0.365292
595.125	0.365792
595.146	0.360792
595.167	0.363292
595.188	0.360292
595.209	0.358792
595.23	0.357792
595.251	0.355292
595.272	0.354292
595.293	0.351792
595.314	0.349292
595.335	0.345792
595.356	0.346292
595.377	0.343792
595.398	0.344292
595.419	0.340292
595.44	0.339292
595.461	0.336292
595.482	0.335792
595.503	0.336792
595.524	0.332292
595.545	0.331292
595.566	0.330292
595.587	0.330292
595.608	0.327292
595.629	0.328292
595.65	0.322792
595.671	0.323792
595.692	0.320792
595.713	0.319792
595.734	0.316792
595.755	0.317292
595.776	0.317292
595.797	0.316792
595.818	0.312792
595.839	0.311292
595.86	0.312292
595.881	0.310292
595.902	0.308292
595.923	0.305292
595.944	0.307792
595.965	0.304792
595.986	0.302992
596.007	0.300342
