400    0.001249
401    0.001249
402    0.001299
403    0.001399
404    0.001599
405    0.001749
406    0.002099
407    0.002449
408    0.002849
409    0.003399
410    0.003999
411    0.004749
412    0.005699
413    0.006799
414    0.008099
415    0.009649
416    0.011449
417    0.013549
418    0.015999
419    0.018749
420    0.022399
421    0.025799
422    0.030099
423    0.034999
424    0.040599
425    0.046799
426    0.053899
427    0.061749
428    0.070549
429    0.080099
430    0.090749
431    0.102299
432    0.114999
433    0.128899
434    0.144499
435    0.161549
436    0.180599
437    0.201699
438    0.225799
439    0.250849
440    0.278249
441    0.306699
442    0.335599
443    0.362749
444    0.388149
445    0.408799
446    0.424049
447    0.432099
448    0.433299
449    0.426199
450    0.411599
451    0.392999
452    0.369149
453    0.344199
454    0.319449
455    0.295149
456    0.273149
457    0.253649
458    0.236549
459    0.221799
460    0.208649
461    0.196949
462    0.185949
463    0.175999
464    0.165399
465    0.155449
466    0.145649
467    0.136749
468    0.127149
469    0.118599
470    0.110699
471    0.103649
472    0.097299
473    0.091949
474    0.087299
475    0.083299
476    0.080099
477    0.077399
478    0.075199
479    0.073449
480    0.072099
481    0.071149
482    0.070449
483    0.070199
484    0.070149
485    0.070499
486    0.071249
487    0.072399
488    0.073899
489    0.075799
490    0.078149
491    0.080899
492    0.083849
493    0.087249
494    0.090799
495    0.094599
496    0.098699
497    0.102899
498    0.107249
499    0.111749
500    0.116149
501    0.120799
502    0.125399
503    0.129949
504    0.134549
505    0.139099
506    0.143549
507    0.147999
508    0.152299
509    0.156599
510    0.160799
511    0.164899
512    0.168849
513    0.172599
514    0.176299
515    0.179899
516    0.183249
517    0.186499
518    0.189549
519    0.192999
520    0.195299
521    0.197899
522    0.200299
523    0.202699
524    0.204899
525    0.206949
526    0.208849
527    0.210699
528    0.212399
529    0.214599
530    0.215449
531    0.216799
532    0.218049
533    0.219249
534    0.220349
535    0.221299
536    0.222199
537    0.223049
538    0.223749
539    0.224399
540    0.224999
541    0.225499
542    0.225949
543    0.226399
544    0.226749
545    0.227049
546    0.227249
547    0.227499
548    0.227549
549    0.228199
550    0.227699
551    0.227649
552    0.227599
553    0.227499
554    0.227299
555    0.227049
556    0.226799
557    0.226399
558    0.226649
559    0.225649
560    0.225149
561    0.224599
562    0.223999
563    0.223299
564    0.222599
565    0.221799
566    0.220999
567    0.220049
568    0.219149
569    0.218099
570    0.216999
571    0.215849
572    0.214699
573    0.213349
574    0.212099
575    0.210699
576    0.209999
577    0.207849
578    0.206349
579    0.204749
580    0.203149
581    0.201399
582    0.199649
583    0.198449
584    0.196099
585    0.194249
586    0.192899
587    0.190449
588    0.188549
589    0.186649
590    0.184549
591    0.182349
592    0.180349
593    0.178249
594    0.176099
595    0.173899
596    0.171749
597    0.169549
598    0.167299
599    0.165049
600    0.163349
601    0.160449
602    0.158249
603    0.155999
604    0.153699
605    0.151349
606    0.148999
607    0.147299
608    0.144549
609    0.142149
610    0.139799
611    0.137549
612    0.135149
613    0.133349
614    0.130499
615    0.128249
616    0.125949
617    0.123649
618    0.121449
619    0.119199
620    0.116949
621    0.114749
622    0.112549
623    0.110799
624    0.108199
625    0.105999
626    0.103849
627    0.102249
628    0.099699
629    0.097649
630    0.095549
631    0.093599
632    0.091549
633    0.089749
634    0.088299
635    0.086999
636    0.085449
637    0.084399
638    0.082449
639    0.080949
640    0.079399
641    0.077849
642    0.076399
643    0.074799
644    0.073299
645    0.071749
646    0.070299
647    0.068799
648    0.067349
649    0.065949
650    0.064499
651    0.062999
652    0.061649
653    0.060199
654    0.058849
655    0.057499
656    0.056149
657    0.055299
658    0.053549
659    0.052299
660    0.051049
661    0.049799
662    0.048649
663    0.047449
664    0.046299
665    0.045149
666    0.043999
667    0.042999
668    0.041899
669    0.040849
670    0.039849
671    0.038799
672    0.037799
673    0.036799
674    0.035849
675    0.034949
676    0.034049
677    0.033149
678    0.032249
679    0.031449
680    0.030599
681    0.029749
682    0.029049
683    0.028149
684    0.027499
685    0.026749
686    0.025999
687    0.025299
688    0.024649
689    0.023949
690    0.023299
691    0.022699
692    0.022049
693    0.021399
694    0.020799
695    0.020249
696    0.019699
697    0.019149
698    0.018649
699    0.018049
700    0.016949
701    0.016499
702    0.016049
703    0.015649
704    0.015199
705    0.014749
706    0.014299
707    0.013899
708    0.013549
709    0.013149
710    0.012799
711    0.012399
712    0.012049
713    0.011649
714    0.011349
715    0.011049
716    0.010699
717    0.010349
718    0.009999
719    0.010149
720    0.009549
721    0.009249
722    0.008949
723    0.008699
724    0.008399
725    0.008199
726    0.007949
727    0.007699
728    0.007499
729    0.007249
730    0.007049
731    0.006899
732    0.006649
733    0.006449
734    0.006249
735    0.006099
736    0.005849
737    0.005699
738    0.005549
739    0.005399
740    0.005199
741    0.005049
742    0.004949
743    0.004749
744    0.004599
745    0.004499
746    0.004349
747    0.004199
748    0.004099
749    0.003949
750    0.003799
